n = 16186;Ocorre = [602 559 744 493 314 408 146 1829 17 69 1372 38 246 285 574 140 2639 56 449 109 618 231 209 142 1 1 271 229 464 1463 79 58 52 223 952 164 347 412 43 1 10 1 3 540 3 447 142 70 551 76 289 263 306 575 201 32 105 293 13 2 5 9 58 609 32 11 47 320 170 12 21 5 1 241 20 1 3 400 10 20 1 4 297 51 90 2 33 275 9 109 325 362 66 8 50 18 17 54 13 83 63 71 278 53 2 58 28 8 66 47 38 28 212 1 159 10 57 20 3 58 189 1 87 654 35 209 64 14 58 8 49 7 80 48 3 12 1374 8 4 123 174 1 615 161 32 1437 1 20 82 48 392 421 86 232 78 253 226 194 94 376 253 150 26 6 969 675 24 152 63 131 199 344 280 33 337 5 616 409 235 40 252 70 276 56 96 1 12 64 169 40 3 204 1 27 6 115 90 239 204 138 31 2 12 271 469 1 326 46 16 63 22 19 10 27 1 28 7 1 3 1 4 31 218 2 44 4 150 8 1 1 1 35 5 106 7 23 148 5 29 47 185 93 58 2 14 7 65 110 19 228 380 53 12 24 69 14 51 14 253 37 15 9 19 158 36 82 8 55 171 3 179 10 217 11 6 7 78 1 1 66 179 96 48 128 59 1 72 15 2 1 1 54 20 23 7 305 56 3 115 3 20 12 21 40 4 24 12 8 4 41 7 1 12 4 200 30 34 1 25 138 47 15 9 3 137 27 8 7 5 3 719 56 12 49 39 1 15 7 19 3 17 1 1 1 3 6 1 1 11 1125 35 36 1 1 11 186 295 259 206 188 34 86 31 53 6 417 114 239 303 81 23 69 377 338 413 261 1 123 3 310 11 4 56 51 19 168 186 5 1 130 191 45 244 43 42 37 1 1 1 1 15 106 21 6 215 71 2 15 12 46 136 3 13 12 166 3 8 69 36 42 31 34 37 27 1 1 9 88 7 18 66 17 20 1 35 33 9 33 60 5 1 7 21 8 5 4 1 1 118 36 6 25 2 5 3 1 1 4 48 2 4 6 8 84 38 37 341 20 13 15 41 4 24 1 12 132 265 1 10 1 17 13 2 73 24 5 1 1 3 5 27 1 7 5 8 26 6 15 4 37 76 7 58 22 31 63 59 1 22 49 37 2 26 144 22 51 40 9 100 146 2 1 4 1 3 1 29 27 5 7 5 1 1 336 44 7 15 59 1 8 2 159 6 3 12 94 35 1 1 108 44 12 22 3 1 1 21 7 3 84 1 7 4 2 26 1 56 2 1 5 8 4 18 187 64 12 1 1 1 4 52 74 4 12 4 25 3 16 60 68 7 183 23 2 4 88 1 4 48 152 74 85 101 158 142 24 72 9 11 3 11 1 2 1 1 10 31 47 24 22 27 7 3 16 1 19 1 8 31 5 30 3 2 1 8 2 1 4 9 12 40 2 2 2 236 2 5 5 17 1 2 8 6 25 21 2 1 1 5 2 3 4 1 3 1 12 67 2 1 47 1 4 98 1 5 123 150 31 15 24 21 40 29 103 25 65 9 14 4 7 1 2 1 58 1 3 1 6 1 1 1 34 19 1 2 1 127 1 2 1 22 2 1 79 7 1 17 187 114 1 5 6 2 25 3 1 10 24 6 400 1 5 1 2 18 118 18 10 56 3 3 2 2 1 121 5 11 44 4 1 2 2 54 4 14 82 4 3 1 6 1 25 13 9 28 39 3 2 1 51 1 2 81 10 19 1 1 1 6 2 6 6 73 4 2 32 2 7 26 26 146 74 22 1 4 1 2 1 1 2 1 227 117 37 20 10 37 1 2 3 26 1 1 4 1 83 92 1 1 3 1 1 3 56 1 19 1 1 1 4 52 45 51 34 8 49 1 10 59 1 6 1 13 50 1 1 18 44 12 1 1 23 1 12 9 19 172 14 2 1 158 3 1 26 2 17 8 14 30 1 9 53 3 38 52 208 85 1 40 15 5 11 3 42 19 67 134 30 80 147 1 29 83 32 11 4 33 40 3 2 4 14 5 2 1 1 1 1 2 21 1 1 2 2 3 19 14 37 12 333 21 1 42 1 66 1 6 3 18 14 2 97 32 22 9 19 86 8 34 1 4 2 27 48 30 27 7 38 44 276 102 83 6 41 3 22 88 2 18 46 230 13 1 14 30 32 8 8 2 13 1 57 23 3 1 40 105 18 77 46 39 5 2 3 7 14 14 13 19 18 39 1 1 142 59 13 4 92 3 22 1 1 8 1 1 12 20 1 55 2 4 1 1 3 59 1 1 1 1 5 3 21 1 1 1 1 1 1 1 28 14 8 54 42 5 5 84 25 2 4 5 1 13 56 10 6 2 2 4 24 1 35 13 4 5 1 19 4 1 46 8 17 20 27 22 11 15 1 1 1 16 2 3 19 2 1 1 1 2 1 2 1 2 1 16 40 14 96 63 5 26 26 16 40 97 134 41 22 4 52 26 26 117 11 24 2 6 7 2 26 38 1 1 9 20 9 3 11 10 3 3 11 9 1 21 2 9 1 3 73 1 6 1 4 2 58 1 1 2 104 5 15 1 98 3 1 1 3 2 25 3 1 2 258 13 116 1 15 173 2 1 38 16 5 1 24 3 7 1 2 1 90 11 1 31 18 1 28 1 1 1 17 2 8 6 1 15 5 2 23 8 3 7 12 28 4 18 2 43 19 4 37 1 2 2 67 18 15 5 4 4 24 1 2 23 46 16 56 100 11 1 6 19 1 14 2 1 17 26 3 1 5 1 36 2 23 1 3 32 1 12 16 42 1 5 9 17 2 5 8 68 15 6 52 2 3 4 42 5 1 2 4 9 4 8 3 1 2 1 1 1 7 53 40 8 18 60 15 10 25 1 14 9 14 100 78 9 4 29 58 7 1 5 54 17 18 67 29 3 5 2 16 4 19 7 1 4 14 5 2 1 1 4 9 16 5 1 38 187 4 110 13 1 1 29 39 8 50 2 12 74 4 2 69 5 41 51 60 42 38 28 55 8 36 1 12 31 38 4 5 26 23 30 5 1 8 7 1 5 2 1 78 58 39 10 1 1 22 6 7 65 8 39 11 38 4 6 13 2 8 5 6 1 11 4 5 36 2 27 1 7 1 8 38 37 2 3 1 4 7 1 1 1 1 1 3 23 1 1 1 15 2 1 3 1 2 1 9 118 15 16 75 1 22 1 2 12 13 4 1 1 2 6 1 1 4 3 1 31 3 29 1 1 1 2 2 16 44 62 17 1 51 2 1 1 3 1 3 56 1 1 3 8 1 7 10 12 2 1 2 4 7 3 1 4 1 1 2 9 1 11 38 2 17 1 10 1 6 1 8 24 4 5 18 6 6 1 10 1 20 1 1 1 19 5 1 14 2 1 1 3 3 13 1 1 1 26 5 1 1 3 24 1 1 1 31 2 4 3 1 2 4 4 1 3 2 2 1 8 1 1 1 13 1 2 2 1 2 1 1 1 1 1 1 1 1 1 1 4 15 2 1 3 3 3 1 2 1 2 7 6 1 2 10 24 2 1 8 16 4 1 2 1 1 9 3 1 1 11 4 1 1 1 7 9 2 77 2 1 4 1 18 2 3 26 2 7 1 1 1 13 1 1 1 1 14 1 1 9 1 1 1 1 1 1 1 1 1 1 8 5 1 1 2 1 1 7 2 1 1 4 1 1 5 1 1 1 1 2 2 1 1 1 1 1 3 2 4 1 1 2 1 4 1 1 12 1 1 13 2 1 1 5 1 7 4 9 4 25 20 7 46 10 27 3 23 2 11 3 6 32 32 3 2 1 18 4 12 9 16 13 44 20 9 5 8 2 8 1 2 200 4 32 38 2 31 8 63 4 3 10 27 7 5 7 3 33 21 1 2 2 2 2 1 3 5 11 1 41 13 1 1 5 1 7 1 1 1 1 34 1 1 1 2 4 1 4 7 35 1 8 2 1 3 12 12 5 1 14 4 63 7 5 3 8 15 1 1 3 1 1 1 13 1 3 1 2 3 3 1 1 16 8 1 1 1 18 5 4 1 1 1 7 2 1 3 15 2 2 1 4 8 37 40 7 12 11 1 1 3 9 12 16 15 3 27 3 29 1 3 3 9 1 11 1 1 4 35 21 2 32 3 6 1 1 24 1 5 5 1 1 1 1 1 1 5 6 2 1 2 16 17 6 11 1 4 56 1 1 6 33 1 1 1 3 4 2 15 4 10 1 5 12 12 2 15 1 7 1 2 1 1 7 1 4 3 8 2 5 2 1 1 1 1 4 2 2 1 1 1 21 1 1 1 1 2 1 2 22 15 1 1 2 5 9 3 19 1 2 72 2 10 16 1 1 1 2 1 3 2 9 2 13 4 11 2 51 1 1 2 1 12 4 8 14 1 1 4 2 1 1 60 5 1 2 1 4 1 7 3 1 6 1 2 7 10 1 10 1 2 3 9 3 1 8 7 26 1 1 1 1 2 4 1 1 3 1 1 1 1 1 1 1 32 1 2 1 10 3 3 1 2 1 2 7 1 1 9 1 23 1 1 1 17 3 3 1 1 2 3 2 24 14 2 1 2 1 3 6 30 2 1 3 2 1 1 50 1 2 2 4 12 4 3 2 1 1 1 5 2 1 1 1 1 1 1 2 3 1 41 1 6 3 2 1 1 1 6 1 3 12 1 2 1 1 1 2 8 1 1 4 2 4 1 3 1 5 7 2 2 1 1 5 1 5 1 1 1 1 1 2 1 5 1 1 2 1 4 1 9 1 7 1 1 1 3 2 1 1 1 1 1 3 1 1 1 4 1 1 1 2 4 1 1 1 1 1 6 1 1 1 2 9 7 1 1 1 7 6 53 1 1 20 1 14 1 1 102 14 7 1 1 2 11 2 3 1 1 4 6 38 1 2 1 2 8 1 28 84 2 1 5 2 2 3 15 23 3 11 17 1 4 1 9 1 5 1 4 1 1 1 1 12 2 2 9 12 10 11 4 1 13 1 2 14 5 3 5 8 14 2 1 2 1 13 2 1 1 7 2 2 4 1 1 7 1 1 13 14 13 20 4 2 1 2 29 3 2 5 1 20 6 4 10 4 9 1 5 1 4 15 24 15 1 10 1 12 1 1 7 1 3 21 3 1 8 4 8 1 14 1 3 19 16 23 15 28 7 16 4 4 1 5 33 21 1 27 2 16 209 165 164 1 1 1 3 8 4 15 11 7 23 21 2 3 1 3 1 10 39 37 1 3 3 1 5 9 1 1 1 1 8 2 1 14 6 3 2 1 1 1 1 3 4 1 1 127 1 6 1 8 2 8 1 1 14 4 1 3 23 19 4 7 4 1 2 1 8 2 1 1 6 1 1 1 6 1 5 1 1 1 2 3 14 8 4 8 1 2 1 1 1 2 19 2 8 3 17 3 19 29 8 5 9 3 3 7 1 2 1 1 2 1 1 1 1 1 1 1 1 1 1 2 1 10 103 2 1 6 6 12 12 2 1 15 10 45 1 1 1 2 1 1 7 27 1 1 1 13 9 39 6 1 6 11 1 2 2 1 2 12 6 1 2 1 2 9 3 3 6 51 3 8 1 1 1 1 2 8 2 1 1 4 3 1 1 1 3 4 1 2 16 1 1 2 3 6 12 3 5 1 27 7 7 4 18 1 1 1 1 1 1 2 1 7 5 1 3 2 3 3 4 1 2 1 26 18 13 1 4 1 3 1 9 4 10 1 1 1 2 1 1 4 2 4 3 6 1 1 1 1 4 1 2 1 2 2 1 1 2 1 14 4 4 1 8 1 2 2 1 1 1 1 2 2 1 2 2 2 1 2 1 6 1 3 1 2 1 8 1 3 2 2 16 1 2 4 2 1 1 4 1 1 17 4 9 10 1 1 1 1 3 1 1 1 1 2 3 1 9 11 2 1 1 7 21 10 2 18 11 15 1 1 1 1 1 1 1 1 1 1 2 1 4 4 1 2 4 9 5 8 4 2 1 193 2 3 7 1 3 1 5 1 8 3 5 2 3 4 1 28 1 1 3 1 1 1 9 1 1 28 1 1 1 19 3 1 3 1 2 2 1 4 16 2 1 1 23 3 2 2 1 36 11 7 13 2 3 5 10 10 32 3 2 1 1 1 5 4 3 1 1 1 1 5 1 24 4 3 2 5 3 1 1 33 1 2 12 13 3 1 1 1 11 8 14 4 1 8 5 11 1 2 1 1 1 1 2 1 20 6 1 1 1 2 4 33 7 1 9 15 9 2 7 1 1 1 1 3 1 6 1 4 2 4 1 5 9 2 2 2 1 2 4 3 21 2 1 3 1 1 8 1 2 19 1 2 4 1 1 1 4 1 3 8 31 1 3 3 4 1 1 1 6 3 1 12 5 45 40 2 8 16 10 2 2 47 2 3 1 1 14 15 1 4 2 1 7 1 2 3 1 1 6 1 1 8 1 1 1 1 1 1 1 16 1 1 1 6 1 1 5 11 2 1 24 4 4 27 1 3 8 1 1 1 2 14 8 2 1 2 2 13 1 1 1 2 2 2 1 2 10 2 1 1 1 10 1 5 7 9 10 3 14 1 1 26 13 1 1 4 5 1 3 4 5 1 1 14 7 3 1 1 1 1 7 11 1 1 1 1 7 3 2 6 10 1 2 1 44 1 1 2 1 1 6 1 2 1 5 2 3 1 1 1 3 55 8 1 5 49 33 14 12 1 35 1 1 1 1 5 12 3 10 1 1 16 1 1 4 2 5 1 2 1 1 7 1 1 2 9 6 5 4 3 6 2 1 1 5 1 1 3 1 2 1 2 1 1 1 7 1 2 1 4 1 9 2 1 1 4 3 2 1 1 1 2 2 1 7 7 7 1 1 4 1 3 1 2 1 1 1 1 1 1 1 2 1 2 10 1 1 1 1 1 1 1 1 1 1 1 11 51 23 1 3 9 6 1 24 1 3 3 1 2 1 1 1 1 1 2 34 1 1 1 1 1 4 2 2 2 24 1 1 1 9 6 1 3 1 2 1 4 1 1 3 6 1 3 1 8 4 3 6 1 1 1 12 1 1 2 8 2 1 1 1 9 4 1 1 1 2 11 2 3 1 1 17 2 1 3 5 27 1 7 1 28 2 19 2 1 9 1 1 1 5 5 14 1 3 7 3 6 2 23 2 8 2 1 1 1 1 14 3 4 1 2 8 2 1 1 1 14 1 1 2 2 1 16 1 2 1 14 6 12 5 1 1 1 4 3 1 17 1 30 1 11 1 2 2 2 14 2 1 1 1 2 1 20 1 1 2 10 3 2 10 1 1 3 1 1 1 1 1 2 2 1 1 2 5 1 1 1 1 1 1 4 1 1 2 1 5 49 10 13 7 1 7 9 7 1 37 2 17 3 1 1 4 5 1 1 2 2 6 5 1 1 3 1 7 16 7 108 293 3 3 1 3 37 1 4 28 14 1 12 2 1 2 1 1 1 5 10 1 2 5 4 1 1 3 2 12 4 1 1 2 13 1 17 9 6 